# This file may be used to create an environment using:
# $ conda create --name <env> --file <this file>
# platform: linux-64
_libgcc_mutex=0.1=conda_forge
_openmp_mutex=4.5=1_llvm
biopython=1.76=py36h516909a_0
blast=2.9.0=h20b68b9_1
boost=1.68.0=py36h8619c78_1001
boost-cpp=1.68.0=h11c811c_1000
bwa=0.7.17=hed695b0_7
bzip2=1.0.8=h516909a_2
ca-certificates=2020.4.5.1=hecc5488_0
certifi=2020.4.5.1=py36h9f0ad1d_0
circos=0.69.8=0
curl=7.64.0=h646f8bb_0
dbus=1.13.6=he372182_0
ete3=3.1.1=py_1
expat=2.2.9=he1b5a44_2
fontconfig=2.12.6=0
freetype=2.8.1=hfa320df_1
gettext=0.19.8.1=hc5be6a0_1002
giflib=5.2.1=h516909a_2
glib=2.58.3=py36hd3ed26a_1004
gmp=6.2.0=he1b5a44_2
gnutls=3.6.5=hd3a4fd2_1002
gst-plugins-base=1.12.5=hde13a9d_0
gstreamer=1.12.4=hb53b477_0
hmmer=3.3=he1b5a44_0
icu=58.2=hf484d3e_1000
infernal=1.1.2=h14c3975_2
jpeg=9c=h14c3975_1001
krb5=1.16.3=hc83ff2d_1000
libblas=3.8.0=16_openblas
libcblas=3.8.0=16_openblas
libcurl=7.64.0=h01ee5af_0
libdeflate=1.5=h516909a_0
libedit=3.1.20170329=0
libffi=3.2.1=he1b5a44_1007
libgcc-ng=9.2.0=h24d8f2e_2
libgd=2.2.5=3
libgfortran-ng=7.3.0=hdf63c60_5
libiconv=1.15=h516909a_1006
liblapack=3.8.0=16_openblas
libopenblas=0.3.9=h5ec1e0e_0
libpng=1.6.34=ha92aebf_2
libssh2=1.8.0=h1ad7b7a_1003
libstdcxx-ng=9.2.0=hdf63c60_2
libtiff=4.0.9=h648cc4a_1002
libuuid=2.32.1=h14c3975_1000
libwebp=0.5.2=7
libxcb=1.13=h14c3975_1002
libxml2=2.9.9=h13577e0_2
libxslt=1.1.32=hae48121_1003
llvm-openmp=10.0.0=hc9558a2_0
lxml=4.4.1=py36h7ec2d77_0
megahit=1.2.9=h8b12597_0
ncurses=5.9=10
nettle=3.4.1=h1bed415_1002
numpy=1.18.1=py36h7314795_1
openssl=1.0.2u=h516909a_0
pandas=1.0.3=py36h830a2c2_0
pcre=8.44=he1b5a44_0
perl=5.26.2=h516909a_1006
perl-archive-tar=2.32=pl526_0
perl-autoloader=5.74=pl526_2
perl-carp=1.38=pl526_3
perl-clone=0.42=pl526h516909a_0
perl-common-sense=3.74=pl526_2
perl-compress-raw-bzip2=2.087=pl526he1b5a44_0
perl-compress-raw-zlib=2.087=pl526hc9558a2_0
perl-config-general=2.63=pl526_0
perl-digest-perl-md5=1.9=pl526_1
perl-dynaloader=1.25=pl526_1
perl-exporter=5.72=pl526_1
perl-exporter-tiny=1.002001=pl526_0
perl-extutils-makemaker=7.36=pl526_1
perl-font-ttf=1.06=pl526_0
perl-gd=2.71=pl526he860b03_0
perl-io-compress=2.087=pl526he1b5a44_0
perl-io-string=1.08=pl526_3
perl-io-zlib=1.10=pl526_2
perl-json=4.02=pl526_0
perl-json-xs=2.34=pl526h6bb024c_3
perl-list-moreutils=0.428=pl526_1
perl-list-moreutils-xs=0.428=pl526_0
perl-math-bezier=0.01=pl526_1
perl-math-round=0.07=pl526_1
perl-math-vecstat=0.08=pl526_1
perl-module-implementation=0.09=pl526_2
perl-module-runtime=0.016=pl526_1
perl-number-format=1.75=pl526_3
perl-params-validate=1.29=pl526h14c3975_1
perl-pathtools=3.75=pl526h14c3975_1
perl-readonly=2.05=pl526_0
perl-regexp-common=2017060201=pl526_0
perl-scalar-list-utils=1.52=pl526h516909a_0
perl-set-intspan=1.19=pl526_1
perl-statistics-basic=1.6611=pl526_2
perl-svg=2.84=pl526_0
perl-text-format=0.59=pl526_2
perl-time-hires=1.9760=pl526h14c3975_1
perl-try-tiny=0.30=pl526_1
perl-types-serialiser=1.0=pl526_2
perl-xml-parser=2.44_01=pl526ha1d75be_1002
perl-xsloader=0.24=pl526_0
pip=20.0.2=py_2
psutil=5.7.0=py36h8c4c3a4_1
pthread-stubs=0.4=h14c3975_1001
pyqt=5.6.0=py36h13b7fb3_1008
python=3.6.4=0
python-dateutil=2.8.1=py_0
python_abi=3.6=1_cp36m
pytz=2019.3=py_0
qt=5.6.2=h974d657_12
readline=7.0=0
samtools=1.9=h46bd0b3_0
scipy=1.4.1=py36h2d22cac_3
setuptools=46.1.3=py36h9f0ad1d_0
sip=4.18.1=py36hf484d3e_1000
six=1.14.0=py_1
sqlite=3.20.1=2
tk=8.6.10=hed695b0_0
wheel=0.34.2=py_1
wise2=2.4.1=h08bb679_0
xorg-kbproto=1.0.7=h14c3975_1002
xorg-libice=1.0.10=h516909a_0
xorg-libsm=1.2.3=h84519dc_1000
xorg-libx11=1.6.9=h516909a_0
xorg-libxau=1.0.9=h14c3975_0
xorg-libxdmcp=1.1.3=h516909a_0
xorg-libxext=1.3.4=h516909a_0
xorg-libxrender=0.9.10=h516909a_1002
xorg-renderproto=0.11.1=h14c3975_1002
xorg-xextproto=7.3.0=h14c3975_1002
xorg-xproto=7.0.31=h14c3975_1007
xz=5.2.5=h516909a_0
zlib=1.2.11=h516909a_1006
